0.192331988740031,0.322637058852205,0.481482703429687,0.00340961611459856,0.00013863286347815
0.00465413645598102,0.040511393577637,0.786582793562304,0.139827776409721,0.0284238999943573
0.0465331832942617,0.173354017798394,0.750206792411275,0.0275460963451599,0.00235991015090942
0.0805630045207358,0.229938612619616,0.67412450867126,0.0144183025830822,0.000955571605305683
0.0861386718215923,0.237317015965704,0.662523154029262,0.0131766381675791,0.000844520015862771
0.148146658136363,0.297151501760452,0.548787279761985,0.00564505730318132,0.00026950303801887
0.055252542511465,0.19013974577998,0.729940470630981,0.0228547224511059,0.00181251862646792
0.00352955848139645,0.0334248908123535,0.770231791050203,0.157739947833241,0.035073811822806
0.000841675640139276,0.0118933269886541,0.65022401418022,0.25074689607408,0.0862940871169071
0.00262564188508885,0.0271341603011276,0.749713469498121,0.177243780066376,0.0432829482492871
0.00305956400769413,0.0302330811108747,0.760681383435379,0.167132205724797,0.0388937657212554
0.0186715922747629,0.101300437877215,0.810541216168433,0.0617904290654615,0.00769632461412784
0.0435882677495003,0.167220611118478,0.757115929690102,0.0294763132151125,0.00259887822680693
0.0104420076866215,0.0698352228275002,0.814354337505661,0.0912839055651976,0.0140845264150194
0.159161314820654,0.304567015486816,0.531093605734387,0.00495154426823796,0.000226519689904947
0.693123079716479,0.227841255889255,0.0790117856651614,2.36061842497914e-05,2.72544855128842e-07
0.214837975247818,0.331779250033381,0.450596012732379,0.00268526151855708,0.000101500467865168
0.406547666569811,0.342160730084381,0.25084979891679,0.000431967658563792,9.83677045462983e-06
0.272467347081087,0.34601520045684,0.3799604239074,0.00150885885439556,4.81697002783221e-05
0.113210041227935,0.267823834616041,0.609629346516333,0.00884531082631335,0.000491466813377861
0.106531561425983,0.26102902433985,0.622172009468635,0.00970997434261411,0.000557430422918115
0.417983891558544,0.339993646720179,0.241625009056792,0.000388833212348283,8.61945213681548e-06
0.0614714147369063,0.201023443869199,0.715765597949535,0.0202135880548125,0.00152595538954692
0.0833217990070741,0.233642791823536,0.668352748927513,0.0137843100141888,0.000898350227688582
0.0875091316467886,0.239066482694766,0.659710043788713,0.0128944741376771,0.000819867732055668
0.012032259628124,0.0765989615858173,0.815510685508988,0.0835986993960063,0.0122593938810646
0.0438975769131632,0.167876952735939,0.756389628586881,0.0292636736392728,0.00257216812474392
0.0690888723457784,0.213304691196731,0.698798009711711,0.0175544805005369,0.001253946245243
0.137957766491404,0.289568705084868,0.565756979235635,0.00639817501482987,0.000318374173262637
0.0903999635893223,0.242677700455041,0.65382523691803,0.0123262095202376,0.000770889517369366
0.286595644108463,0.347796111813296,0.36425060921381,0.00131717183672808,4.04630277031082e-05
0.0321772807868742,0.140701541675821,0.783663726106034,0.0394953588115227,0.00396209261974845
0.100062391443468,0.25401679787653,0.634629428795198,0.0106588790135562,0.000632502871247609
0.0618258089070393,0.201619333520307,0.714966211098429,0.0200770659009912,0.00151158057323331
0.00961223440786662,0.0661333939016818,0.813110447802993,0.0959059634517657,0.0152379604356929
0.0435497001138908,0.167138566769961,0.757206496964834,0.02950299916192,0.0026022369893941
0.366179393249618,0.347741565708622,0.285437253763817,0.000626083243384423,1.570403455875e-05
0.0563481252005286,0.192118077283537,0.727423927250059,0.022353012358544,0.00175685790733116
0.0415189423661302,0.162752757500453,0.761975384577791,0.0309644686097476,0.00278844694587788
0.0184314228416359,0.10048631690654,0.810886786977916,0.062386404382514,0.00780906889139477
0.00149438252136449,0.018108269636229,0.703714910311258,0.214426444987399,0.06225599254375
0.0111839357775791,0.0730417819337045,0.815070973982365,0.0875256753650661,0.013177632941285
0.0062274875418895,0.049451499933422,0.800346592926668,0.121547053117647,0.0224273664803735
0.00247687763701611,0.0260329516073876,0.745341625352757,0.181108281401642,0.0450402640011976
0.000238689996053806,0.00461232237144434,0.522446711651283,0.316899983848193,0.155802292133026
0.000886450156714367,0.0123573323548911,0.655252014271082,0.247579258510336,0.0839249447069759
0.000569737394255939,0.00889931102401573,0.611491229109622,0.273642868147688,0.105396854324418
0.00839191119946655,0.0604404284806218,0.810208845054711,0.103683632783699,0.0172751824815021
0.0518425074721473,0.183803106536799,0.737820640376642,0.0245311554259334,0.00200259018847815
0.000847876522226943,0.0119580094813239,0.650938041772224,0.250299912066016,0.0859561601582095
0.00460618822309168,0.0402227573583253,0.7860251687574,0.140490168373489,0.0286557172876932
0.00947826692603811,0.0655234869750394,0.812859428642814,0.0966987581601214,0.0154400592959871
0.0231479637308826,0.11563142857191,0.802888642487328,0.0523348411457593,0.00599712406412023
0.0121829556811374,0.0772194021549757,0.815551576331172,0.082938187894477,0.0121078779382373
0.00739387376335392,0.0555315740789816,0.80658516264381,0.111144109560523,0.0193452799533318
0.000429501577643476,0.00719981021706404,0.582768812197287,0.288993581808486,0.120608294199519
0.00718602049127334,0.0544769921602758,0.805652128804524,0.112849974962066,0.0198348835818616
0.033589624938727,0.144255758012152,0.780441543724902,0.0379713222597357,0.00374175106448349
0.000567413574261428,0.00887217213615071,0.611078897580001,0.273872820163222,0.105608696546365
4.57973146394598e-05,0.00128220742785452,0.361756564311222,0.360377116640324,0.27653831430596
0.0020374586043496,0.0226443407113187,0.730005144972321,0.194046524701426,0.0512665310105849
0.000214782134361036,0.00425501541115501,0.511641285792233,0.321276482525373,0.162612434136878
0.0179441021509591,0.0988186610408104,0.81156164467968,0.063629254111954,0.00804633801659682
0.0180288344323214,0.0991101596594157,0.811446926765581,0.0634098402680396,0.00800423887464241
0.00458211066896283,0.0400774060505556,0.785741266906742,0.14082567972306,0.0287735366506801
0.00220571927854189,0.023967640750715,0.736361331078111,0.188792628108033,0.0486726807845994
0.00116708859758243,0.0151244796615855,0.681328701608359,0.230365216490068,0.0720145136424051
0.000337878513508999,0.00600689765433093,0.558154251807204,0.301087513038465,0.134413458986491
0.000859925669190801,0.0120833037693099,0.652308895461188,0.249439115195885,0.0853087599044269
0.0155014681385095,0.0901173560746525,0.814308306150049,0.0706346893880034,0.00943818024878551
0.0239579949832033,0.118071154685372,0.801317515519621,0.050899392041108,0.00575394277069563
0.0447898474903565,0.169754092669098,0.754295038537094,0.0286637049334701,0.0024973163699813
0.168716997849734,0.31039511622877,0.516258776053486,0.00443336194029098,0.000195747927718148
0.00271273020188083,0.0277691609665614,0.752114802858751,0.175083234163503,0.0423200718093043
0.0883961633866735,0.240185849883373,0.657897263553536,0.0127163082700963,0.000804414906321771
0.0836020069525847,0.234013095639944,0.667769977909025,0.0137221239459882,0.000892795552458026
0.0108083385464023,0.0714301196236943,0.814750561385082,0.0893875206313853,0.0136234598134365
0.0326220745332586,0.14183026111136,0.782652553473414,0.0390044869158526,0.00389062396611517
0.0379598808815137,0.154736741758433,0.770314348807604,0.033823572197505,0.00316545635494392
0.00759641326912287,0.0565480490175398,0.807430354047001,0.109535895243044,0.0188892884232925
0.00214655616802358,0.0235062090769044,0.734202061374593,0.190593660844306,0.049551512536173
0.0141322255194204,0.0849618655273737,0.815253060011156,0.0752475327435743,0.0104053161984761
0.00393007349669593,0.0360296702381252,0.776935855461629,0.150729363776364,0.0323750370271859
0.0192051718221389,0.103091316059855,0.809744798674609,0.060503553672338,0.00745515977105893
0.0131297211035048,0.0810433033402763,0.815584496157651,0.0790168493764072,0.0112256300221609
0.00269745413160445,0.0276582749736559,0.751701536809909,0.175457055741507,0.0424856783433227
0.000631974635246857,0.0096150903865753,0.621911094552349,0.267737433146932,0.100104407278897
0.0395017161441483,0.15826304824488,0.766707181181159,0.0325346303308091,0.00299342409900372
0.00392041442443561,0.035967983633912,0.776787193523206,0.150889234073114,0.0324351743453315
0.240755151592093,0.339673439233259,0.417438067225526,0.00206132112427104,7.20208248514709e-05
0.118498790062383,0.272906155801502,0.59991738015885,0.00823155912044726,0.000446114856817892
0.0075236570374256,0.0561841541081725,0.807133758708798,0.110107646708073,0.0190507834375311
0.000849597062979315,0.011975932301892,0.651135123946124,0.250176372426983,0.0858629742620216
0.0073633358396789,0.055377369676383,0.806452351990385,0.111391140310453,0.0194158021831
0.000715247863267829,0.0105424013411091,0.634239015705385,0.260512375756895,0.0939909593333436
0.00080399160138107,0.0114972073056209,0.645754242669337,0.253523781431368,0.0884207769922932
0.0165125965246294,0.0937917186996106,0.813314169823363,0.0675646802736912,0.00881683467870575
0.00123691302696676,0.0157804869491684,0.686689439218503,0.226652687593038,0.0696404732123231
0.026446321733104,0.125309766153341,0.796249957180737,0.0468973088352337,0.00509664609758453
0.0453764315485241,0.170975225799143,0.752918716442743,0.0282798069888488,0.00244981922074172
0.0116559790471289,0.0750349094856391,0.815361242166934,0.0852954035690492,0.0126524657312492
0.0146750626414655,0.0870317395245791,0.814940062124714,0.0733504497979435,0.0100026859112983
0.0104886958554871,0.0700397854567351,0.814409684374772,0.0910375924247094,0.0140242418882964
0.00160033386993733,0.0190294287666908,0.709709223987509,0.209951962606639,0.0597090507692237
0.00937533208714239,0.0650524441130219,0.812656203571747,0.0973173889532544,0.015598631274834
0.047861675922502,0.17603931153575,0.74709693227358,0.026739667122548,0.00226241314561959
0.00032964048275864,0.00589564336133589,0.555616750318413,0.302278998530364,0.135878967307129
0.00203415728334404,0.0226180310509665,0.7298735437352,0.194153806616966,0.0513204613135236
0.0165800664024309,0.0940331343412519,0.813240095059775,0.0673688919865462,0.00877781220999574
0.0360028760253434,0.150135657569389,0.774871979672041,0.0355836831594468,0.00340580357377951
0.095515750700142,0.248816463509104,0.643572307338154,0.0114022722186446,0.000693206233955301
0.149971393378642,0.298434240601631,0.545810447369658,0.00552217651067111,0.000261742139397114
0.0567793808629525,0.192889418839247,0.726435504923576,0.0221600892299022,0.00173560614432244
0.0364095186469552,0.151103636654566,0.773927408413628,0.0352057639291371,0.00335367235571293
0.00878761716246688,0.0623212867418272,0.811310626120294,0.101017403213805,0.0165630667616071
0.000408933476388307,0.00693854836406158,0.577745636323983,0.291540668297121,0.123366213538446
0.00736308020450516,0.0553760777614572,0.806451234129672,0.111393213365122,0.0194163945392442
0.00879672097118628,0.0623641505928764,0.811334022285027,0.100957795181611,0.0165473109692997
0.00491019088646224,0.0420348572175129,0.789394889717504,0.136414271197104,0.0272457909814169
0.00148769241930245,0.0180494344383427,0.703318890983518,0.21471879026956,0.0624251918892764
0.0995720103585612,0.253467028053227,0.635586421932808,0.0107358292218052,0.000638710433599088
0.00716697687036724,0.0543797775924001,0.805563163117395,0.113009189749692,0.0198808926701459
0.046769566987511,0.173835426772015,0.749653039105171,0.0273998422056015,0.00234212492970132
0.0344090134041895,0.146278791868168,0.778558324581025,0.0371315676321873,0.00362230251443085
0.00961016617636922,0.066124004736051,0.81310668600623,0.0959180985962266,0.0152410444851236
0.0269012266260592,0.126593823404813,0.795290738249957,0.0462249850774233,0.00498922664174806
0.00765629491135659,0.056846519739685,0.807668723724368,0.109070206791791,0.0187582548327994
0.000877750296873651,0.0122677202332377,0.654297744709491,0.248184064134376,0.0843727206260215
0.00436272370658466,0.0387400370859617,0.783028926557735,0.143975460634133,0.029892852015585
0.0236027662042072,0.117006526644285,0.802011938050633,0.0515201437489285,0.00585862535194603
0.000553144702511305,0.00870484476243486,0.608506997291467,0.275300765196776,0.106934248046811
0.00478131032485058,0.0412717654931047,0.788013423241371,0.138106954621633,0.0278265463190415
0.0629881931947176,0.203556342103849,0.712350962985829,0.0196387742540376,0.00146572746156637
0.0283997539437129,0.130743575442598,0.792073283286999,0.0441242122777672,0.00465917504892288
0.0826690999794241,0.232776036540574,0.669712689611212,0.0139307059736777,0.000911467895112206
0.0377078959237075,0.154152316210846,0.770902702054603,0.0340421252602947,0.00319496055054891
0.023709959223651,0.117328647244107,0.801803259180197,0.0513314135521691,0.00582672079987545
0.0113254534174389,0.0736430324204875,0.81517063365071,0.0868446377160662,0.013016242795297
0.0392425649788205,0.157676218533139,0.767314212603603,0.0327456473399418,0.00302135654449609
0.0298766900301962,0.134719124960672,0.788828905631302,0.0422095037557642,0.0043657756220663
0.0520138607113671,0.184128204921917,0.737423070411393,0.0244424833578406,0.0019923805974823
0.283976270938034,0.347511399697141,0.367119938478657,0.00135060668825149,4.17841979161171e-05
0.0297949558576122,0.134501964879751,0.789010093173455,0.0423117260408966,0.00438126004828543
0.0244172511955258,0.119435588484275,0.800407925679461,0.0501163060781267,0.00562292856261148
0.159953895903197,0.305071141059359,0.52984537683375,0.00490582871821021,0.000223757485483977
0.0332662401914768,0.143449561989547,0.781182167494277,0.0383114950230694,0.00379053530162954
0.632575055722089,0.260959527081797,0.106417379979294,4.73999359008603e-05,6.37280918591721e-07
0.677060049781983,0.237026784705952,0.0858842032356876,2.86178709424378e-05,3.44405434504758e-07
0.769852558487809,0.180185929392277,0.0499529713649882,8.46191573389277e-06,7.88391911754616e-08
0.692199873204277,0.228376803201833,0.0793991744095263,2.38728951450495e-05,2.76289218836823e-07
0.704812883401045,0.220980550365398,0.0741859007260034,2.04367131044769e-05,2.28794448386971e-07
0.0945873765577253,0.247725596153773,0.645417802879243,0.011562705133852,0.000706519275407103
0.039043513573732,0.157223888137603,0.767780287213505,0.0329092374959364,0.00304307357922318
0.0341102344605275,0.145544358355459,0.779246062972751,0.0374341612443085,0.00366518296695395
0.019895078545286,0.105371534333825,0.808660752587579,0.058911512823477,0.00716112170983296
0.0191149569759383,0.102790226492161,0.809882131339952,0.0607176241151702,0.00749506107677866
0.0946428518967151,0.24779106428646,0.645307337484731,0.0115530318765725,0.000705714455521256
0.00267070601963595,0.0274636080097895,0.750969867024423,0.176116839704491,0.0427789792416606
0.022167818355304,0.112620490941184,0.80472644666562,0.0541713085515059,0.00631393548638637
0.040172689223698,0.15977165094606,0.765134425887836,0.0319983835264612,0.0029228504159442
0.0238660641839221,0.117796417815411,0.801498012032579,0.0510587578100229,0.00578074815806451
0.176435310426638,0.314720831037923,0.504606917275285,0.00406247081758193,0.000174470442571462
0.213708133851634,0.331373639405273,0.452098118227497,0.00271704151110508,0.000103067004490587
0.00729314781661671,0.0550219935350932,0.806141588506908,0.111963561320079,0.019579708821304
0.00474825061501731,0.0410748169453096,0.78764812901003,0.138549356101431,0.0279794473282121
0.0118817464744697,0.0759759065560815,0.815459195536888,0.084269109936437,0.0124140414961239
0.0277332877289303,0.128912873324707,0.793514484267261,0.0450377048034106,0.00480164987569121
0.0698740904099893,0.214510923033671,0.697075214399617,0.017309978162616,0.00122979399410694
0.466054549248315,0.328314216871772,0.205377160738436,0.000249133690691017,4.93945078650082e-06
0.037409259658579,0.153456673753096,0.771599466646152,0.0343041405779451,0.00323045936422828
0.0399053220605749,0.15917235717169,0.765761303636615,0.0322103419187764,0.00295067521234349
0.0148647164801328,0.0877467176433664,0.814810909509897,0.0727094666920712,0.0098681896745324
0.0102150044648895,0.0688350953260997,0.814064082864608,0.0925015279580819,0.0143842893863212
0.0060470843297321,0.0484733423187768,0.799132984045762,0.12335861255877,0.0229879767469586
0.00125993123442584,0.0159942645904512,0.688378456921507,0.225469872377562,0.0688974748760534
6.71613842813562e-05,0.00173115899350855,0.396876623025499,0.355158836044581,0.246166220552131
0.000531103999873382,0.00844399080630665,0.604392501379226,0.27756242125422,0.109069982560374
0.0549857720233456,0.18965389479483,0.730554411131634,0.0229794750903399,0.00182644695985001
0.0017399549567378,0.0202146809874096,0.716892473070547,0.204462360453017,0.0566905305322893
0.00918528891193782,0.064177162443441,0.812256476187483,0.0984818751365654,0.0158991973205728
0.0100649520643144,0.0681688848416541,0.813852292861779,0.0933251572115588,0.0145887130206936
0.00195013085748929,0.0219436767808333,0.726426738993963,0.196943012571027,0.0527364407966873
0.0104520073352652,0.0698790682482818,0.814366314232365,0.0912310339994081,0.0140715761846795
0.0226272299721201,0.114039985336676,0.803874234107321,0.0532963513355417,0.00616219924834127
0.0443568149097356,0.168846075391156,0.755311446277095,0.0289524213898973,0.00253324203211613
0.0410733852842199,0.16177278619895,0.763021288878471,0.0313006344605696,0.00283190517778942
0.0284788614228593,0.130959326851052,0.791901209264831,0.0440179035357302,0.00464269892552704
0.000299503302232673,0.00548214840343377,0.545758215924885,0.306809972425547,0.141650159943902
0.00621483206422232,0.0493832357105434,0.800263942462857,0.121672143649553,0.0224658461128241
0.00593501902507825,0.0478601408324888,0.798339360583189,0.124515659285119,0.0233498202741249
0.0013561873389415,0.0168756718505635,0.695061829625173,0.220725952705773,0.0659803584795491
0.000495334396275996,0.008014145905733,0.597315264668321,0.281387541144954,0.112787713884716
