0.645978006147096,0.281981403205422,0.0720358292458965,4.7233749657094e-06,3.80266199639934e-08
0.216074511969506,0.402125435037123,0.381257985404011,0.000529647447540471,1.24201418206793e-05
0.127096604514519,0.351391952336664,0.519721722752903,0.00173338357799102,5.63368179227197e-05
0.131019797373041,0.354897548489801,0.51239691207919,0.00163355290046985,5.21891574982725e-05
0.208367048323486,0.399658211107172,0.39137949759779,0.000581274655291897,1.39683162601045e-05
0.265708863352847,0.411688348644402,0.322298100283856,0.00029864171124605,6.04600764897434e-06
0.0526380177587235,0.24419874888261,0.69568546093142,0.00711793130050109,0.00035984112674492
0.00189686887540283,0.0333639351723871,0.841394539027513,0.105783424037863,0.0175612328868342
0.00277832457276048,0.0430636386102868,0.853954535227529,0.0872934962005961,0.012910005388828
0.0123541678762477,0.110740214824334,0.841549235665323,0.0324292380784134,0.00292714355568202
0.0189720763237338,0.142315126211818,0.814736742586691,0.0222609989011375,0.00171505597661981
0.033340364699406,0.194027324451541,0.759403574699745,0.012461134819519,0.000767601329788703
0.0718446325505286,0.281645986184222,0.641725348079308,0.00458364792981292,0.000200385256128754
0.0324400450341582,0.19124483934052,0.762663906483632,0.0128505925752349,0.000800616566455359
0.0753248885655238,0.287482793623483,0.632744120004955,0.00426594020325011,0.000182257602788005
0.647510529148543,0.281013211238809,0.0714715883890721,4.63405785455784e-06,3.71657212783205e-08
0.303289820310806,0.412816849025199,0.283691965547989,0.000197750132351016,3.61498365497592e-06
0.826700671104543,0.151992828069226,0.0213062058191082,2.93607627877002e-07,1.39949496436031e-09
0.421683382361758,0.391231034810295,0.187027874219611,5.69316603070691e-05,7.76948029246327e-07
0.23841753820357,0.407705371557606,0.353460977087293,0.000407194100315977,8.91905121513936e-06
0.476587143694452,0.371333272804031,0.152047172014241,3.20269275309037e-05,3.84559745603141e-07
0.341004334392672,0.409650691851929,0.249210509748448,0.000132269355003656,2.19465194628565e-06
0.0862309126700703,0.304252268792544,0.605932574898361,0.00344655733725641,0.00013768630176747
0.0106892304541772,0.101502027979567,0.847923302508925,0.0364240095476427,0.00346142950968886
0.0558751192702676,0.251220731897652,0.686012747497386,0.00656823870150047,0.000323162633194207
0.00377285593142629,0.052656638410615,0.860008071810089,0.0736597999370788,0.00990263391079105
0.0465652669507671,0.230080775260768,0.714559011407643,0.00834912095293605,0.000445825427886182
0.128843319806323,0.352971332287742,0.516442893380145,0.00168801221166637,5.44423141229933e-05
0.159188186231447,0.376062704060269,0.46362549492177,0.00109247006377,3.11447227432371e-05
0.146184899652684,0.367112966315436,0.485353622320846,0.00130924438908253,3.9267321951586e-05
0.163650439569359,0.378840476237884,0.456451921740461,0.00102833397537028,2.88284769259795e-05
0.00913932794861049,0.0922547070591896,0.853409213634723,0.0410739136514984,0.00412283770597877
0.0228281017407983,0.157982087970989,0.799235435907602,0.0186186234217384,0.00133575095887184
0.0609886991958488,0.261679461329637,0.67123903686569,0.00581789969768509,0.000274902911139185
0.0057842080236947,0.069324096502714,0.861661142776224,0.0566008063752378,0.00662974632212954
0.013628553440996,0.117400525680864,0.836483717658357,0.0298837731432654,0.00260343007651687
0.21568115272223,0.40200657852547,0.381767623366669,0.000532151100914757,1.24942847150589e-05
0.10425538646771,0.327701266771122,0.565453005862081,0.00249981814657785,9.05227525092034e-05
0.0124494367701645,0.111249684847433,0.84117484740344,0.0322253065736064,0.00290072440535682
0.0460762671929617,0.228885523379089,0.716122477569898,0.00846178372320983,0.000453948134841675
0.000300456220279685,0.00921496931218805,0.723529379166992,0.208813129278032,0.0581420660225078
0.00275478242624351,0.0428214762159085,0.853732849068462,0.0876884924506961,0.0130023998386901
0.00125119815178164,0.0251352040711763,0.822155198585995,0.127534288648858,0.0239241105421889
0.000714969748035627,0.0170501781926621,0.788636292904237,0.158700146468123,0.0348984126869418
0.00018344521742815,0.00644959655942469,0.681451707199364,0.236832081195016,0.0750831698287666
0.000467788285867291,0.0126421420104148,0.758462173838965,0.183157277008613,0.0452706188561398
4.90811726041619e-05,0.0024371394572037,0.56034852761077,0.302948159573799,0.134217092185623
0.000807073690025835,0.0185570838879505,0.796552302058311,0.151813270163024,0.0322702702006882
0.0368706654406888,0.204487985038737,0.746886087493124,0.0110997383329401,0.000655523694510718
0.000122452584835029,0.00479966055263703,0.645226034258943,0.258788564374119,0.0910632882294662
0.00462829279098699,0.060112000197085,0.861844802210489,0.0652024875480334,0.00821241725340527
0.00143989219546353,0.0276718916311039,0.829244381718602,0.120028705844257,0.0216151286105734
0.00249272791905069,0.040069583253027,0.850922914502292,0.0923896437983719,0.0141251305272588
0.00326654422386593,0.0479179265990219,0.857631322689118,0.0799399329217342,0.0112442735662605
0.00179498644535467,0.0321427305755264,0.839156669763691,0.108581276859971,0.018324336355457
0.00023107590355393,0.00762553666460531,0.701485830207271,0.223847784023945,0.0668097732006254
0.000238880732946336,0.0078109494283969,0.704321467176056,0.221958982851345,0.0656697198112555
0.00531138224714088,0.0656601876191873,0.862011245910506,0.0598125652235877,0.00720461899957836
3.05489370139371e-06,0.000291827912822431,0.319131309650095,0.364679691294482,0.315894116248899
1.49195935295968e-05,0.000991219893915436,0.450665101352769,0.344231570293994,0.204097188865792
0.00215427075668815,0.0363456387562946,0.846159978170479,0.0994484005664239,0.0158917117501144
1.67772254755544e-05,0.00108393629605359,0.461197267068833,0.341113317850289,0.196588701559349
0.000285654456348775,0.00888621084455028,0.719356481385448,0.21172258712674,0.0597490661869129
0.0115591142637145,0.106410265668946,0.84463764942363,0.0342290419466503,0.00316392869705873
0.00288257570370061,0.0441265625964175,0.854881910025923,0.08559324370715,0.0125157079668085
7.99565036891859e-07,0.000101951333643228,0.227978293550736,0.352481970804584,0.419436984746
0.000724603947932211,0.0172107225360572,0.789527141457778,0.157936533372692,0.0346009986855408
0.000165444353912585,0.00598213552224483,0.672319378076657,0.242547984573362,0.078985057473824
8.93942582763571e-06,0.000669711069152821,0.405802386220602,0.355258359687505,0.238260603596913
0.0111076444692744,0.103886213937754,0.846357136282077,0.0353362057875625,0.00331279952333186
0.00526756710044529,0.0653137326218744,0.862026516243036,0.0601297519095301,0.00726243212511402
0.0194607769692828,0.144393662612931,0.81275269739839,0.0217345072403669,0.00165835577902951
0.154360952291711,0.372892940511085,0.471544794132401,0.00116741035916768,3.39027056355246e-05
0.00783277663058865,0.0838704559349146,0.857443341986352,0.0459865924607585,0.00486683298738599
0.0674389159735541,0.273880758562225,0.653418182796619,0.00503522871544881,0.000226913952152907
0.0392419761996983,0.211144217012414,0.73870991035823,0.010310872638946,0.000593023790711689
0.00325761247622723,0.0478317984244137,0.857577841207663,0.0800617223294019,0.0112710255622938
0.0320779118752413,0.190111661202819,0.763983234207848,0.0130127106894898,0.000814482024602103
0.0586000463859717,0.256886163353031,0.678065552819746,0.00615210343443651,0.000296134006814275
0.00149367149489315,0.028372696899435,0.830998395940786,0.11809523768649,0.0210399979783952
0.00120444858764248,0.0244862702315071,0.820135081879004,0.129594644059682,0.0245795552421652
0.00914229190756406,0.0922730704917008,0.853399327524675,0.0410639363882644,0.00412137368779608
0.000730071270239809,0.0173015135375036,0.790025673802418,0.157507989365578,0.0344347520242602
0.00695799777468654,0.0778951118452068,0.859659337179808,0.0499819181694865,0.00550563503081214
0.029557083936317,0.181989300243601,0.773294461665712,0.0142376263630194,0.000921527791350907
0.000761231383795991,0.0178146993536851,0.792774231001857,0.155129260829077,0.0335205774315855
0.00163660896364033,0.0301925373147533,0.83518956321632,0.11332613579926,0.0196551547060263
0.00702731954374632,0.0783804965465378,0.85950236553222,0.04964002332818,0.0054497950493162
0.00141165767056851,0.0273002136259464,0.828280199134536,0.121077488961484,0.021930440607466
0.109512997416481,0.333692880224071,0.554423649324374,0.0022897094617722,8.07635733022227e-05
0.0661729783045419,0.271567096203934,0.656848004827197,0.00517652794110446,0.000235392723223038
0.00479198679240289,0.06147131937419,0.861970339149909,0.0638179624528953,0.00794839223060251
0.000854940781618252,0.0193172506204947,0.800195824002917,0.148561171802623,0.0310708127923471
0.00574584063782165,0.0690317106683292,0.861701235120722,0.0568479177550935,0.006673295818034
0.000198913595697944,0.00684051890513352,0.688540260514918,0.232308859919066,0.0721114470651851
0.000828506911619368,0.0188992915134173,0.798219590802352,0.150331946829891,0.0317206639427201
0.0121424514461132,0.109600982056557,0.842378195072103,0.032891086080282,0.00298728534494552
0.00026915290719074,0.00851347100193282,0.714398083836849,0.215140453194816,0.0616788390592113
0.0124128300307235,0.111054153054519,0.841318801689935,0.0323033856552535,0.00291082956956845
0.0131984998143722,0.115189407516783,0.838205550726995,0.0307006643778835,0.00270587756396601
0.00377409996225838,0.0526679548635958,0.86001250736541,0.0736457271943454,0.00989971061439077
0.0103990646557074,0.099822056775799,0.84899148312222,0.0372162538271154,0.00357114161915817
0.00812579421368076,0.0858036092410567,0.856602624003771,0.0447870460422992,0.00468092649919227
0.000700020165785711,0.01679962501603,0.787221767942679,0.159907015161373,0.0353715717141326
0.00449184282881206,0.0589635171894139,0.861692352427632,0.0664072314042509,0.00844505614989088
0.0236374943666206,0.161074690611505,0.796034555822502,0.0179807510979898,0.00127250810138213
4.25681918649653e-05,0.00219068756392192,0.547025503424157,0.308949530564669,0.141791710255387
0.000309868831337018,0.00942143562521287,0.726060168846581,0.207033573245173,0.0571749534516959
0.0178177001764534,0.137285918968631,0.819438359142814,0.023596383262325,0.00186163844977671
0.00447788088294532,0.058845188540699,0.861674153153072,0.066533234048769,0.00846954337451422
0.067352861218396,0.27372468217872,0.653650318978492,0.0050446603218457,0.00022747730254602
0.0610891018017076,0.261877535948129,0.67095487802873,0.0058044280550148,0.00027405616641929
0.0732178683527758,0.283979293697993,0.638155393675666,0.00445448346466371,0.000192960808902187
0.0756438012302812,0.288005174757353,0.631931946935944,0.0042383709731032,0.000180706103318551
0.00135261227431459,0.026514246150027,0.826160085969438,0.123350974806569,0.0226220807996519
0.000162149299303381,0.0058949790065459,0.67052968181587,0.243653649893599,0.0797595399846811
0.00395699668814436,0.0543155950330327,0.860600707593013,0.0716398740672735,0.00948682661853639
0.00587399376903719,0.0700050686389687,0.861559966974308,0.0560311793125261,0.00652979130516029
0.000250628673994627,0.0080866208382729,0.708396770029959,0.219221575831878,0.0640444046258953
0.000636486275142836,0.0157143049348012,0.780731835819368,0.165359852034288,0.0375575209364003
0.0355777755512876,0.20073695637898,0.751421595009662,0.0115700269874381,0.000693646072633114
0.00243703931444141,0.0394707222427406,0.850236041321288,0.0934675980046277,0.0143885991169023
0.012569206799255,0.111887432646399,0.840703037024373,0.0319722638421718,0.00286805968780179
0.0132887417883439,0.115656372247983,0.837845149356424,0.0305258923638113,0.00268384424343748
0.00640035688355187,0.0739095666442772,0.860779420695825,0.0529166909943684,0.005993964781978
0.0036977295936448,0.0519704219619475,0.859728688247738,0.0745209387641194,0.0100822214325509
0.00508840384607983,0.0638841318226506,0.862054928662539,0.0614647310289371,0.00750780463979339
0.000287175978351521,0.00892024236076245,0.71979689568718,0.211416957153076,0.05957872882063
0.000298336632701127,0.00916820253582909,0.722946692681835,0.209221235640159,0.0583655325094758
0.014472142780242,0.12163700460841,0.833079834217499,0.0283912206581705,0.00241979773567835
0.00112758972467244,0.0233998211449943,0.816541113078766,0.133186548209366,0.0257449278422017
0.000197698238130001,0.0068101396249727,0.688005871496656,0.232652525659226,0.0723337649810148
0.0391178166080607,0.210802591767021,0.73913351208378,0.0103499992646274,0.000596080276510369
0.00286462625728597,0.0439446331902205,0.854728360641159,0.0858804544807555,0.0125819254305789
0.066383647462462,0.271954764568829,0.656275006461103,0.00515262872161637,0.000233952785989588
0.0361602246978964,0.202437842315873,0.749371455647707,0.0113543900729143,0.00067608726560997
0.0182572508497298,0.139221225702362,0.8176460312727,0.023071896374964,0.00180359580024447
0.00699870794769797,0.0781804206877127,0.859567588669132,0.0497805609010448,0.00547272179441216
0.0570716953302389,0.253735227507536,0.682501543720674,0.00638063606848438,0.000310897373066554
0.00466077204900755,0.0603832866711919,0.861874528283488,0.0649226475473084,0.00815876544900418
0.0384295664659744,0.208895311005725,0.741490587737539,0.0105710970661206,0.000613437724640842
0.259920492355461,0.411082923163775,0.328671364395537,0.000318662508478451,6.55757674816737e-06
0.14844327966234,0.368762880791091,0.481488103334172,0.00126804610235332,3.76901100431759e-05
0.114712098260807,0.339285642724906,0.543825945960309,0.00210394225061139,7.23708033665282e-05
0.0350870294679532,0.199289503244421,0.753157786439342,0.011756725282052,0.000708955566231961
0.00792245651734027,0.0844655610825488,0.85719061868047,0.0456127601534497,0.0048086035661915
0.99999999999465,5.34805533192184e-12,1.33226762955019e-15,0,2.22044604925031e-16
0.916569265098968,0.0766492650240606,0.00678144257220659,2.7218574061294e-08,8.61903881599346e-11
0.584349652086713,0.318731532589858,0.0969088775265452,9.84578863194585e-06,9.20082519062504e-08
0.733163883434098,0.223081574525772,0.0437530769930607,1.45572727017207e-06,9.31979893259438e-09
0.411172675030994,0.394413857378597,0.194349062032592,6.35169521869816e-05,8.88605629967287e-07
0.0088872983526219,0.0906829225041351,0.854239295462464,0.041939853008537,0.00425063067224174
0.00321308018513185,0.0474009729811649,0.857304368687902,0.0806753402276946,0.0114062379181068
0.00228432135945838,0.0378010674673548,0.84816536796468,0.0965857509300648,0.0151634922784422
0.000341796299796465,0.010107809072008,0.73401575772033,0.201363509021231,0.0541711278866348
0.00687387143011704,0.077303164127603,0.859844921458249,0.0504032862924281,0.00557475669160323
0.023685582476086,0.161256481756707,0.795845035894298,0.0179440053365827,0.00126889453632573
0.000337612203918038,0.0100190306044085,0.733024253360178,0.202076582129792,0.0545425217017038
0.00558783991493342,0.0678186673439382,0.861845577222721,0.0578897622742647,0.00685815324414274
0.00484842579465635,0.0619354665160885,0.862000054039404,0.0633551285550593,0.00786092509479197
0.00306011538628138,0.0459028180222872,0.856273747036919,0.082868080452436,0.0118952391020762
0.320266505824531,0.411881511998583,0.267684278330198,0.000164821102995649,2.88274369197872e-06
0.0600090401664888,0.259732529064098,0.674023345399646,0.00595173216782707,0.000283353201939951
0.000125345772115305,0.00488265623093928,0.647351193894529,0.25755275949919,0.0900880446032271
0.000353813482383459,0.0103609297715879,0.736785217226813,0.199361858543165,0.0531381809760507
0.00209225024534891,0.0356399500711153,0.845115340373403,0.100888319284317,0.0162641400258167
0.007088583512836,0.0788076856515541,0.859360687919704,0.0493417793516,0.00540126356430604
0.0417136888189195,0.217795068661353,0.730377826168574,0.00957687290865894,0.000536543442494541
0.108686507579719,0.332773940398091,0.556136172332858,0.00232117241869279,8.22072706399002e-05
0.000180093600607586,0.00636362393749094,0.679828344008454,0.23785724629051,0.0757706921629375
0.00285365512713828,0.043833214908978,0.854633280193307,0.0860571160677659,0.0126227337028106
0.00218057175506249,0.0366425923764656,0.84658512930567,0.0988528328804716,0.0157388736823302
0.00114969792595696,0.0237149172521145,0.817611895048882,0.132125755097423,0.0253977346756231
0.00162855634517662,0.0300915848298728,0.834970034072954,0.113581675214244,0.0197281495377527
0.000302895457081544,0.00926866328025464,0.724194029829951,0.208346879961774,0.0578875314709391
1.35013003200372e-07,2.47213149183932e-05,0.137831753594233,0.305887011826277,0.556256378251569
0.000102654033142941,0.00421559138035385,0.629075803874231,0.26797146767966,0.0986344830326131
0.0171344161441123,0.134225574894833,0.822227948851637,0.0244541917840286,0.0019578683253888
0.000194513110889444,0.00673025836256879,0.686587823709437,0.233562351238777,0.0729250535783271
0.000796580577570828,0.0183884334843843,0.795713745368325,0.152554060574394,0.0325471799953265
0.000598359034865446,0.0150458555312964,0.776415541283092,0.168914405380803,0.039025838769943
0.00013804956915647,0.00524077222391104,0.656098952295921,0.252398056418129,0.0861241694928829
0.00138350117058499,0.0269269080411327,0.827287238963802,0.122147716274605,0.0222546355498756
0.00296444746716549,0.0449508433376139,0.855551621579522,0.0843110690101123,0.0122220186055866
0.00188901722601993,0.0332706971155077,0.841229925441915,0.105992620011939,0.0176177402046179
0.000449684713135137,0.0122927188671881,0.755478481741676,0.18544772048813,0.0463313941898713
0.00664113615761116,0.075648559359545,0.860328681797898,0.0516074925656796,0.00577413011926609
0.000180148159837862,0.00636502721188654,0.679855036522627,0.237840421808003,0.0757593662976448
0.000339749261222416,0.0100644173650191,0.733532479406089,0.201711306385324,0.0543520475823456
0.000829798789291012,0.0189198218390392,0.798318188069287,0.150243989674854,0.0316882016275282
7.38962041414218e-05,0.00330577739483024,0.598609912893245,0.284297357984133,0.113713055523651
3.70132512646003e-05,0.00197238312024039,0.533962663645413,0.314580569610227,0.149447370372855
