0.146587436258392,0.226567044430273,0.601976602372516,0.0223103738363969,0.0025585431024221
0.00946085315513569,0.0432200109199934,0.694717186195554,0.18627025692892,0.0663316928003967
0.0972056736076559,0.187144368058732,0.672546500074911,0.0377652035353836,0.00533825472331761
0.157961203592491,0.233619993639107,0.586230797594346,0.0199874221275391,0.00220058304651605
0.0676300417959166,0.154206704346374,0.71387221391148,0.0550812639744761,0.00920977597175299
0.132491041954304,0.216879433154657,0.621827642032171,0.0256928852104455,0.00310899764842321
0.0598273884577143,0.14385157643321,0.723786280411407,0.0616546361010566,0.0108801185966121
0.00626411978508341,0.0321633682160139,0.658815958305408,0.214863806896711,0.0878927467967836
0.0075951340774205,0.036957301208187,0.676369790155646,0.201701097085359,0.0773766774733881
0.0305136110560189,0.0954613616024076,0.746901851681286,0.103127964607285,0.0239952110530024
0.0410971685345646,0.115049570671617,0.742751819583665,0.083786411059783,0.0173150301503699
0.0235803531991481,0.080763534485547,0.74380816249681,0.120820082332318,0.0310278674861775
0.0275009029186458,0.0892886459365745,0.746349614530424,0.110174260041922,0.0266865765724339
0.0910274300686687,0.180970177401514,0.681420455155647,0.0406521713088456,0.00592976606532458
0.136147122327215,0.219498570060228,0.616646266976136,0.0247550573463656,0.00295298329005589
0.175455209546675,0.24327122904369,0.56253688545742,0.0169748393825944,0.00176183656962059
0.0570784145051516,0.13999819784248,0.727081907525467,0.0642670689550284,0.0115744111718736
0.286908958693626,0.278711380246832,0.427255802217142,0.00661991172402399,0.000503947118376424
0.113178722982119,0.201680523057912,0.649493638497525,0.0315134938207577,0.00413362164168607
0.0194898589812573,0.0711657402340197,0.738032348855538,0.134290786900519,0.037021265028666
0.0692159335695771,0.156213559681795,0.711776972504118,0.0538777092065043,0.00891582503800536
0.172860783432072,0.241926082541204,0.566009124543576,0.0173842840967294,0.00181972538641861
0.00644427244707729,0.0328307254072514,0.661475367621326,0.212952821062477,0.0862968134618685
0.0586256190534966,0.142180901655699,0.725241933409831,0.0627756298010888,0.0111759160798849
0.100043317881649,0.189871844917153,0.668456004512611,0.0365357786074507,0.00509305408113692
0.0104789716074777,0.046452152108835,0.702555712809845,0.178977598880842,0.0615355645930007
0.125528851514216,0.211673003106714,0.631750168495631,0.0276118015763696,0.00343617530706897
0.0943978045853603,0.184379311377245,0.676586246931425,0.0390399153182448,0.00559672178772508
0.126238158854967,0.212216948958848,0.630736181735275,0.0274078173294148,0.00340089312149494
0.0855561998348414,0.1752161891277,0.689217528787471,0.0434797936042164,0.00653028864577154
0.219043366247249,0.261912022289237,0.506432974045452,0.0115602649864751,0.00105137243158704
0.013777175879599,0.0562080174425562,0.720993148495592,0.159260914730517,0.0497607434517362
0.0335233888746498,0.101340833216014,0.746539620220319,0.0968728631781519,0.021723294510865
0.0599272781086665,0.143989486348608,0.723664301815171,0.0615628844653525,0.0108560492622021
0.0114336156792661,0.0493807378528655,0.708851998317117,0.172717638878595,0.0576160092721567
0.0760095551730235,0.164469095255222,0.702577548184883,0.0491475261027471,0.00779627528412508
0.218281604424795,0.261645057351288,0.507377270736709,0.0116355570249757,0.00106051046223166
0.00842732138679685,0.0398099058057068,0.685294863029123,0.194444827431535,0.0720230823468375
0.0537439154945845,0.135167256822231,0.730900525457572,0.0676805561905314,0.012507746035081
0.109607005592765,0.198596640794922,0.654647302739692,0.0327799539172677,0.0043690969553527
0.012571897945821,0.0527568594136993,0.715267270794875,0.16587566539598,0.0535283064496247
0.134772786287752,0.218523064908705,0.618591442749997,0.0251022629336379,0.0030104431199075
0.0666234724128516,0.152916478505449,0.715189809862439,0.055866657723301,0.0094035814959591
0.00605540298425718,0.0313822892617623,0.655605496284162,0.217134860651263,0.0898219508185553
0.00545375234929976,0.0290801466661023,0.645482926954498,0.22405431682092,0.0959288572091799
0.0365567219156195,0.107005795645253,0.74544599152957,0.0912266194806834,0.019764871428875
0.0217446257805709,0.0765537795523653,0.741690824537068,0.12651799390358,0.0334927762264158
0.0214560970030734,0.0758781788704551,0.741292674419897,0.127462059940369,0.033910989766206
0.0704749707959893,0.157784673833923,0.71009794250564,0.052950527197997,0.00869188566645096
0.0104685349799873,0.0464196097318677,0.702481622821798,0.179048959063039,0.0615812734033083
0.0518377226350965,0.132324022947322,0.732980636097867,0.0697652547375873,0.0130923635821272
0.0728452479518511,0.160690824806337,0.706903080936851,0.0512694136407916,0.00829143266416854
0.11423103493211,0.202571886246327,0.647976556450747,0.0311531024676712,0.00406741990314452
0.0312252064313609,0.0968761484635909,0.746890499717351,0.101583888038496,0.0234242573492004
0.0460634918304905,0.123318368332979,0.738712470615866,0.0767679622163046,0.0151377070043601
0.0286599283195684,0.0916995641939956,0.746685399023798,0.107360350818185,0.0255947576444527
0.0189765284777071,0.0699026620474057,0.737007010174016,0.136197046235496,0.0379167530653757
0.0339701539215931,0.102190976629549,0.746420497922225,0.0960025948608384,0.0214157766657949
0.0069906369976568,0.0348180734369753,0.668966190235601,0.207416300718813,0.0818087986109531
0.00337154129503648,0.0203904262258612,0.595720196488472,0.253682384452331,0.126835451538299
0.0938095610151933,0.183791485927566,0.67743128783841,0.0393146704418135,0.00565299477701664
0.0166364832534546,0.0639553395261544,0.731227399127001,0.145643975919183,0.0425368021742067
0.0490242033559757,0.128012473178713,0.735890759422217,0.0730395403916818,0.014033023651412
0.0723475911559911,0.160086158658566,0.707577316765157,0.0516156205764066,0.0083733128438791
0.0500975116398354,0.129673870426536,0.734804785449466,0.0717613005410846,0.0136625319430776
0.0311669479047517,0.0967609112237421,0.746893266997372,0.101708709524595,0.0234701643495401
0.044184703481794,0.120250833403639,0.740353428764978,0.0793020049876564,0.0159090293619319
0.0238269846558419,0.081317900194815,0.744042126974601,0.12009260833363,0.0307203798411121
0.00526450674231438,0.0283394274515401,0.641999866293498,0.226355696293859,0.098040503218789
0.0631810591227897,0.148403891735689,0.719615046700869,0.0586874454351661,0.0101125570054862
0.104695246120507,0.194203320557364,0.66174051325724,0.0346383628278685,0.00472255723702075
0.00695632575074141,0.0346948265893035,0.668519482642025,0.20775312709712,0.0820762379208102
0.106053751110407,0.195436538079058,0.659778454758605,0.0341101208799901,0.0046211351719404
0.0371112506458788,0.108015161112318,0.745179141096343,0.0902571588667327,0.0194372882787283
0.0816305364629499,0.170910442846777,0.694757637098101,0.045687746259143,0.00701363733302984
0.0752450075291312,0.163566568502726,0.703628409330118,0.0496479892558533,0.00791202538217151
0.0458685075479677,0.123003303557924,0.738888532607543,0.0770245927589202,0.0152150635276445
0.15625018731877,0.232599966012843,0.58858291198359,0.0203166404607907,0.00225029422400613
0.0654951350152929,0.151454640507485,0.716654645566355,0.0567677199666334,0.00962785894423379
0.0123994790184001,0.052253067628057,0.714363391456555,0.166872514479797,0.0541115474171912
0.0108849072082786,0.0477089052783485,0.705346146202633,0.176252487487906,0.0598075538228338
0.056657681546829,0.139398329174352,0.727575202707029,0.0646823980506804,0.0116863885211099
0.0209120898579248,0.074593579054484,0.74048899604691,0.129280710645488,0.0347246243951934
0.0249955180200378,0.0839102170176067,0.74500473641451,0.116758043609124,0.029331484938722
0.0247984318163597,0.0834768840338986,0.744858620830808,0.117307874990463,0.0295581883284707
0.057992563954735,0.141292206066939,0.725999581018309,0.0633791579457078,0.0113364910143089
0.00928740906102454,0.0426572570549031,0.693248137054389,0.187583967582018,0.0672232292476656
0.151386697077033,0.22962226013711,0.595301177995756,0.0212905316601771,0.00239933312992402
0.0731718801539496,0.161086124823441,0.706459607857195,0.0510440825688105,0.00823830459660391
0.199995330388899,0.254637155645995,0.530430483793031,0.0136269740613817,0.00131005611069313
0.0703001672645788,0.157567695400627,0.710331841852586,0.0530777996075952,0.00872249587461338
0.0070481145459646,0.0350240822070565,0.669707800404897,0.20685516949239,0.0813648333496919
0.0101850476504368,0.0455311228391864,0.700421979934451,0.181013126912267,0.0628487226636587
0.0680265799089177,0.154711453764577,0.713350473306166,0.054776499452775,0.00913499356756409
0.00718333889853947,0.0355065427257083,0.671420135290079,0.205550148397574,0.0803398346880986
0.00900945117593397,0.0417475899486482,0.690803710321199,0.189736439477563,0.068702809076656
0.156624574479432,0.23282436826091,0.58806773247929,0.0202440246625223,0.00223930011784579
0.0118438892559343,0.0506114718649395,0.711289999728483,0.170178777382699,0.0560758617679443
0.0565506149678991,0.139245239175204,0.727700233962995,0.0647887729629065,0.0117151389309953
0.155944630230634,0.232416314624553,0.589003589608863,0.0203761492813952,0.00225931625455456
0.0301156359108064,0.0946631550791676,0.746886263856794,0.104010418330767,0.0243245268224644
0.0639871675682177,0.149474788869934,0.718590814914908,0.0580074328560303,0.0099397957909102
0.124051960492499,0.210530331589686,0.633863508928994,0.0280430433953383,0.00351115559348225
0.00782702191996374,0.0377624888552737,0.678993526726355,0.199612038859677,0.07580492363873
0.0261137876196549,0.0863400985251414,0.745717735502091,0.113729452845129,0.0280989255079845
0.116152440765391,0.204179636621167,0.645208505410942,0.0305093554526801,0.0039500617498196
0.000634873074574361,0.0056619349964836,0.410795696570129,0.317912118357364,0.264995377001449
0.0455811573458344,0.122537617089812,0.739145636200608,0.0774054186284967,0.0153301707352487
0.182174136725045,0.246622574098257,0.553613417718567,0.0159679898989668,0.00162188155916532
0.0179877719103347,0.0674288196741847,0.734799870646258,0.140029515194855,0.0397540225743671
0.0873011036198006,0.177081723677875,0.686739097323932,0.0425479826113306,0.00633009276706131
0.192245624826789,0.251302816549669,0.540424825751176,0.0145906606129679,0.00143607225939801
0.0477357671406418,0.125990132952319,0.737151610215155,0.0746243006347915,0.0144981890570927
0.0639894353795994,0.149477789176735,0.718587922562247,0.0580055370828375,0.00993931579858143
0.0712070501434479,0.15868938491088,0.709115726330886,0.0524225065314822,0.00856533208330434
0.00657130984904684,0.0332976362846663,0.663291783246805,0.21163157429656,0.0852076963229225
0.04452116789568,0.120805445403801,0.740068922668672,0.0788379367459967,0.0157665272858497
0.0235046396025388,0.0805928316225072,0.743734077743207,0.121045132113184,0.0311233189185632
0.017366147735225,0.0658446853671367,0.733241683141182,0.142555215522332,0.0409922682341249
0.0155296565277055,0.0610242415919469,0.727746344519242,0.150608851342647,0.045090906018459
0.169184627267542,0.23996998737247,0.570954209750045,0.0179854489997131,0.00190572661023103
0.0176250222320255,0.0665071804042025,0.733907498360091,0.141491978544441,0.0404683204592393
0.0516186910526845,0.131993367981035,0.733214327958313,0.0700114696931552,0.0131621433148124
0.0939159582433514,0.183898029887194,0.677278480016415,0.0392647716942461,0.00564276015879306
0.0506258063670192,0.130484032612836,0.734259035166097,0.0711455659937914,0.013485559860257
0.0956585766474951,0.185629147258306,0.67477350464914,0.0384601405483914,0.00547863089666778
0.0369637635413672,0.107747465335233,0.745251970449554,0.0905132305477145,0.0195235701261309
0.0114773593537389,0.0495127308791162,0.709119139741272,0.172442824195493,0.0574479458303802
0.0311702773730719,0.0967674998395946,0.746893117523838,0.101701568444649,0.0234675368188463
0.0289363032670948,0.0922676347790704,0.746741683121399,0.106709076213468,0.0253453026189676
0.00454142172847985,0.0254276772139573,0.62709877535448,0.235782711596257,0.107149414106826
0.0802129472836958,0.169317401861754,0.696743805775343,0.046525516789921,0.00720032828928652
0.0875040385649079,0.177296808415162,0.686450303698263,0.0424414919567845,0.00630735736488341
0.0181391434514758,0.0678111402869385,0.735158680175524,0.139428455151229,0.0394625809348328
0.150894505451535,0.229314342776712,0.595983711973616,0.0213923543812785,0.00241508541685775
0.0312768162969404,0.0969781471064214,0.746887780007126,0.10147354503931,0.0233837115502021
0.084377388361433,0.173939263864106,0.690886716030537,0.044126152275895,0.00667047946802879
0.0924035644791154,0.182374252180135,0.679448933295132,0.0399826222440374,0.00579062780158024
0.0693042608018902,0.156324413366461,0.711659617212347,0.0538118600514071,0.00889984856789472
0.0558789006799981,0.13828069893791,0.728479911441842,0.0654625711686552,0.011897917771595
0.0211042128686109,0.075048880552555,0.740780917629476,0.128632551351338,0.0344334375980192
0.117171535193217,0.205022133066965,0.643741523667424,0.0301752091066687,0.00388959896572627
0.0239443585270087,0.081580827428037,0.744149573374271,0.119749376853844,0.0305758638168394
0.0119364991927984,0.0508870752539115,0.711819980800215,0.169617385714386,0.0557390590386886
0.21810459773195,0.261582747101381,0.50759687482462,0.0116531334770353,0.00106264686501378
0.0436391179224925,0.119346535755318,0.740805621427372,0.0800643762641362,0.0161443486306808
0.29938281847032,0.280461717155109,0.413718134094612,0.00599456319646074,0.000442767083497775
0.229801386368381,0.265479675201613,0.493232727190553,0.0105547264729902,0.000931484766462432
0.236248281327735,0.267441596819061,0.485442733150738,0.0100002601014674,0.000867128600998579
0.233268833824579,0.266550913107315,0.489031753887718,0.010252276560749,0.000896222619639064
0.194583787368013,0.252332689252629,0.53739532287702,0.0142915927456935,0.00139660775664496
0.0148177360674913,0.0590948354688236,0.725202779739702,0.153998201933799,0.0468864467901839
0.0204747517333991,0.0735504036501071,0.73979033136549,0.13078079601904,0.0354037172319634
0.0579549708924516,0.141239242420225,0.726044367109952,0.0634152867639892,0.0113461328133816
0.032637515597965,0.0996382756968517,0.746728600409799,0.0986410833550428,0.0223545249403416
0.0151497893938757,0.059999202294116,0.726420922289372,0.152397149171202,0.0460329368514349
0.103998022734283,0.193564913621256,0.662747432014903,0.0349138768943291,0.00477575473522796
0.0189950221386848,0.0699484139133783,0.737045323436295,0.136127411938723,0.0378838285729191
0.0510635545225593,0.131151599791743,0.73380144019007,0.0706418885085185,0.0133415169871089
0.108434770791293,0.197564437707849,0.656339819669654,0.0332107713395317,0.00445020049167189
0.0811416776953004,0.1703634161859,0.695443524271712,0.0459741294505598,0.00707725239652801
0.210624463972531,0.258852710549932,0.516940293052313,0.0124249008930091,0.00115763153221471
0.113844907207055,0.20224571327948,0.648533141331578,0.0312846883152287,0.00409154986665827
0.00274784582380239,0.0174943178376243,0.573409648747805,0.265005478458014,0.141342709132754
0.0288176116493269,0.0920239881977983,0.746718591811824,0.106987869335853,0.0254519390051987
0.0606465640598545,0.144978278642296,0.722781657152691,0.0609084974977572,0.0106850026474017
0.0360297429830285,0.106039257162536,0.74568157037384,0.0921650503174462,0.0200843791631488
0.0592766708786068,0.14308862375465,0.724456095686214,0.0621643800779266,0.011014229602603
0.230335306279797,0.265647077279153,0.492584164176621,0.0105074984159991,0.000925953848430305
0.00893032949380495,0.0414868522979039,0.690086770237791,0.19036010849022,0.0691359394802796
0.0446436780920231,0.121006808545099,0.739964285586739,0.0786701003610706,0.0157151274150678
0.0983183345933562,0.188221724226319,0.670943366349101,0.0372763086010389,0.00524026623018481
0.0593557524095261,0.143198455346978,0.72436019455525,0.0620907741682781,0.0109948235199677
0.0334281278091968,0.101158832286028,0.746562995984411,0.0970602592756197,0.0217897846447445
0.0372061862810423,0.108187182855868,0.745131561263351,0.0900930008431056,0.0193820687566333
0.00971284581979631,0.0440311381566161,0.696778390061698,0.184400239511757,0.0650773864501324
0.0098730529473096,0.0445429194048809,0.698045634999587,0.183234360945454,0.0643040317027685
0.156062784832774,0.232487383900012,0.588840896902944,0.0203531120606116,0.00225582230365806
0.00305748630201844,0.0189536037865302,0.585117275076214,0.259199602211631,0.133672032623606
0.0210331626834366,0.0748807115680149,0.740674005827737,0.128871493566842,0.0345406263539687
0.0904384214862528,0.180364015685418,0.682263199814321,0.0409436566154876,0.00599070639852062
0.0112650175314343,0.0488702509921881,0.707805719408594,0.173786304175368,0.0582727078924152
0.057896858934129,0.141157328308006,0.726113552150903,0.0634711996324525,0.0113610609745088
0.106489276392322,0.195828934230205,0.659149431030493,0.0339431285119942,0.00458922983498666
0.104245967043299,0.193792370892822,0.662389363259201,0.0348155524803099,0.00475674632436884
0.0445046402783147,0.120778256375611,0.740082996622678,0.0788606254170685,0.0157734813063277
0.0745022552860164,0.162683500089896,0.704645926756361,0.0501415190053679,0.00802679886235891
0.0070557030529283,0.0350512385610769,0.6698050902924,0.206781375079373,0.0813065930142221
0.0327692335050531,0.099892860782988,0.746704598014954,0.0983745009035724,0.0222588067934326
0.0185156377537118,0.0687563682914023,0.736017719612202,0.13795630843844,0.0387539659042438
0.0115228793479342,0.0496498862765502,0.709395268677479,0.17215791060033,0.0572740550977073
0.0155527510667206,0.0610862375855268,0.727824662069428,0.150501576905626,0.0450347723726992
